1590360
1590361
1590362
1590363
1590364
1590365
1590366
1590367
1590368
1590369
1590371
1590399
1593620
1593621
1593622
1593623
1593624
1593625
1593626
1593627
1593628
1593629
1593710
1593711
1593712
1593713
1593714
1593715
1593716
1593717
1593718
1593719
1593870
1593871
1593872
1593873
1593874
1593875
1593876
1593877
1593878
1593879
1593900
1593901
1593902
1593903
1593904
1597840
1597841
1597842
1597843
1597844
1598180
1598181
1598182
1598183
1598184
1598185
1598186
1598187
1598188
1598189
1598190
1598191
1598192
1598193
1598194
1598195
1598196
1598197
1598198
1598199