15903649906
15903640606
15903643206
15903643606
15903640006
15903641106
15903640506
15903647506
15903646006
15903645906
15903642106
15903640106
15903641506
15903646206
15903642506
15903642906
15903647406
15903649806
15903648606
15903645706
15903640906
15903647306
15903647206
15903643406
15903646606
15903640706
15903643806
15903642806
15903644406
15903649106
15903641806
15903649006
15903642306
15903648506
15903644006
15903645606
15903645406
15903643706
15903645306
15903643006
15903641206
15903649306
15903640806
15903642206
15903648806
15903646806
15903643106
15903649206
15903642606
15903642406
15903643506
15903646906
15903648106
15903640206
15903644506
15903645506
15903641906
15903648006
15903644806
15903643906
15903648706
15903646406
15903647806
15903644906
15903641606
15903648906
15903648206
15903644206
15903640406
15903646506
15903647906
15903644606
15903641406
15903640306
15903642706
15903646706
15903647006
15903641306
15903647606
15903646106
15903644706
15903644306
15903642006
15903648406
15903645106
15903641706
15903648306
15903645006
15903647106
15903641006
15903645806
15903649606
15903644106
15903647706
15903645206
15903649706
15903649406
15903649506
15903646306
15903643306
15937159906
15937150606
15937153206
15937153606
15937150006
15937151106
15937150506
15937157506
15937156006
15937155906
15937152106
15937150106
15937151506
15937156206
15937152506
15937152906
15937157406
15937159806
15937158606
15937155706
15937150906
15937157306
15937157206
15937153406
15937156606
15937150706
15937153806
15937152806
15937154406
15937159106
15937151806
15937159006
15937152306
15937158506
15937154006
15937155606
15937155406
15937153706
15937155306
15937153006
15937151206
15937159306
15937150806
15937152206
15937158806
15937156806
15937153106
15937159206
15937152606
15937152406
15937153506
15937156906
15937158106
15937150206
15937154506
15937155506
15937151906
15937158006
15937154806
15937153906
15937158706
15937156406
15937157806
15937154906
15937151606
15937158906
15937158206
15937154206
15937150406
15937156506
15937157906
15937154606
15937151406
15937150306
15937152706
15937156706
15937157006
15937151306
15937157606
15937156106
15937154706
15937154306
15937152006
15937158406
15937155106
15937151706
15937158306
15937155006
15937157106
15937151006
15937155806
15937159606
15937154106
15937157706
15937155206
15937159706
15937159406
15937159506
15937156306
15937153306
15937109906
15937100606
15937103206
15937103606
15937100006
15937101106
15937100506
15937107506
15937106006
15937105906
15937102106
15937100106
15937101506
15937106206
15937102506
15937102906
15937107406
15937109806
15937108606
15937105706
15937100906
15937107306
15937107206
15937103406
15937106606
15937100706
15937103806
15937102806
15937104406
15937109106
15937101806
15937109006
15937102306
15937108506
15937104006
15937105606
15937105406
15937103706
15937105306
15937103006
15937101206
15937109306
15937100806
15937102206
15937108806
15937106806
15937103106
15937109206
15937102606
15937102406
15937103506
15937106906
15937108106
15937100206
15937104506
15937105506
15937101906
15937108006
15937104806
15937103906
15937108706
15937106406
15937107806
15937104906
15937101606
15937108906
15937108206
15937104206
15937100406
15937106506
15937107906
15937104606
15937101406
15937100306
15937102706
15937106706
15937107006
15937101306
15937107606
15937106106
15937104706
15937104306
15937102006
15937108406
15937105106
15937101706
15937108306
15937105006
15937107106
15937101006
15937105806
15937109606
15937104106
15937107706
15937105206
15937109706
15937109406
15937109506
15937106306
15937103306
15937179906
15937170606
15937173206
15937173606
15937170006
15937171106
15937170506
15937177506
15937176006
15937175906
15937172106
15937170106
15937171506
15937176206
15937172506
15937172906
15937177406
15937179806
15937178606
15937175706
15937170906
15937177306
15937177206
15937173406
15937176606
15937170706
15937173806
15937172806
15937174406
15937179106
15937171806
15937179006
15937172306
15937178506
15937174006
15937175606
15937175406
15937173706
15937175306
15937173006
15937171206
15937179306
15937170806
15937172206
15937178806
15937176806
15937173106
15937179206
15937172606
15937172406
15937173506
15937176906
15937178106
15937170206
15937174506
15937175506
15937171906
15937178006
15937174806
15937173906
15937178706
15937176406
15937177806
15937174906
15937171606
15937178906
15937178206
15937174206
15937170406
15937176506
15937177906
15937174606
15937171406
15937170306
15937172706
15937176706
15937177006
15937171306
15937177606
15937176106
15937174706
15937174306
15937172006
15937178406
15937175106
15937171706
15937178306
15937175006
15937177106
15937171006
15937175806
15937179606
15937174106
15937177706
15937175206
15937179706
15937179406
15937179506
15937176306
15937173306
15937169906
15937160606
15937163206
15937163606
15937160006
15937161106
15937160506
15937167506
15937166006
15937165906
15937162106
15937160106
15937161506
15937166206
15937162506
15937162906
15937167406
15937169806
15937168606
15937165706
15937160906
15937167306
15937167206
15937163406
15937166606
15937160706
15937163806
15937162806
15937164406
15937169106
15937161806
15937169006
15937162306
15937168506
15937164006
15937165606
15937165406
15937163706
15937165306
15937163006
15937161206
15937169306
15937160806
15937162206
15937168806
15937166806
15937163106
15937169206
15937162606
15937162406
15937163506
15937166906
15937168106
15937160206
15937164506
15937165506
15937161906
15937168006
15937164806
15937163906
15937168706
15937166406
15937167806
15937164906
15937161606
15937168906
15937168206
15937164206
15937160406
15937166506
15937167906
15937164606
15937161406
15937160306
15937162706
15937166706
15937167006
15937161306
15937167606
15937166106
15937164706
15937164306
15937162006
15937168406
15937165106
15937161706
15937168306
15937165006
15937167106
15937161006
15937165806
15937169606
15937164106
15937167706
15937165206
15937169706
15937169406
15937169506
15937166306
15937163306
15938729906
15938720606
15938723206
15938723606
15938720006
15938721106
15938720506
15938727506
15938726006
15938725906
15938722106
15938720106
15938721506
15938726206
15938722506
15938722906
15938727406
15938729806
15938728606
15938725706
15938720906
15938727306
15938727206
15938723406
15938726606
15938720706
15938723806
15938722806
15938724406
15938729106
15938721806
15938729006
15938722306
15938728506
15938724006
15938725606
15938725406
15938723706
15938725306
15938723006
15938721206
15938729306
15938720806
15938722206
15938728806
15938726806
15938723106
15938729206
15938722606
15938722406
15938723506
15938726906
15938728106
15938720206
15938724506
15938725506
15938721906
15938728006
15938724806
15938723906
15938728706
15938726406
15938727806
15938724906
15938721606
15938728906
15938728206
15938724206
15938720406
15938726506
15938727906
15938724606
15938721406
15938720306
15938722706
15938726706
15938727006
15938721306
15938727606
15938726106
15938724706
15938724306
15938722006
15938728406
15938725106
15938721706
15938728306
15938725006
15938727106
15938721006
15938725806
15938729606
15938724106
15938727706
15938725206
15938729706
15938729406
15938729506
15938726306
15938723306
15938769906
15938760606
15938763206
15938763606
15938760006
15938761106
15938760506
15938767506
15938766006
15938765906
15938762106
15938760106
15938761506
15938766206
15938762506
15938762906
15938767406
15938769806
15938768606
15938765706
15938760906
15938767306
15938767206
15938763406
15938766606
15938760706
15938763806
15938762806
15938764406
15938769106
15938761806
15938769006
15938762306
15938768506
15938764006
15938765606
15938765406
15938763706
15938765306
15938763006
15938761206
15938769306
15938760806
15938762206
15938768806
15938766806
15938763106
15938769206
15938762606
15938762406
15938763506
15938766906
15938768106
15938760206
15938764506
15938765506
15938761906
15938768006
15938764806
15938763906
15938768706
15938766406
15938767806
15938764906
15938761606
15938768906
15938768206
15938764206
15938760406
15938766506
15938767906
15938764606
15938761406
15938760306
15938762706
15938766706
15938767006
15938761306
15938767606
15938766106
15938764706
15938764306
15938762006
15938768406
15938765106
15938761706
15938768306
15938765006
15938767106
15938761006
15938765806
15938769606
15938764106
15938767706
15938765206
15938769706
15938769406
15938769506
15938766306
15938763306
15938799906
15938790606
15938793206
15938793606
15938790006
15938791106
15938790506
15938797506
15938796006
15938795906
15938792106
15938790106
15938791506
15938796206
15938792506
15938792906
15938797406
15938799806
15938798606
15938795706
15938790906
15938797306
15938797206
15938793406
15938796606
15938790706
15938793806
15938792806
15938794406
15938799106
15938791806
15938799006
15938792306
15938798506
15938794006
15938795606
15938795406
15938793706
15938795306
15938793006
15938791206
15938799306
15938790806
15938792206
15938798806
15938796806
15938793106
15938799206
15938792606
15938792406
15938793506
15938796906
15938798106
15938790206
15938794506
15938795506
15938791906
15938798006
15938794806
15938793906
15938798706
15938796406
15938797806
15938794906
15938791606
15938798906
15938798206
15938794206
15938790406
15938796506
15938797906
15938794606
15938791406
15938790306
15938792706
15938796706
15938797006
15938791306
15938797606
15938796106
15938794706
15938794306
15938792006
15938798406
15938795106
15938791706
15938798306
15938795006
15938797106
15938791006
15938795806
15938799606
15938794106
15938797706
15938795206
15938799706
15938799406
15938799506
15938796306
15938793306
15903639906
15903630606
15903633206
15903633606
15903630006
15903631106
15903630506
15903637506
15903636006
15903635906
15903632106
15903630106
15903631506
15903636206
15903632506
15903632906
15903637406
15903639806
15903638606
15903635706
15903630906
15903637306
15903637206
15903633406
15903636606
15903630706
15903633806
15903632806
15903634406
15903639106
15903631806
15903639006
15903632306
15903638506
15903634006
15903635606
15903635406
15903633706
15903635306
15903633006
15903631206
15903639306
15903630806
15903632206
15903638806
15903636806
15903633106
15903639206
15903632606
15903632406
15903633506
15903636906
15903638106
15903630206
15903634506
15903635506
15903631906
15903638006
15903634806
15903633906
15903638706
15903636406
15903637806
15903634906
15903631606
15903638906
15903638206
15903634206
15903630406
15903636506
15903637906
15903634606
15903631406
15903630306
15903632706
15903636706
15903637006
15903631306
15903637606
15903636106
15903634706
15903634306
15903632006
15903638406
15903635106
15903631706
15903638306
15903635006
15903637106
15903631006
15903635806
15903639606
15903634106
15903637706
15903635206
15903639706
15903639406
15903639506
15903636306
15903633306
15936229906
15936220606
15936223206
15936223606
15936220006
15936221106
15936220506
15936227506
15936226006
15936225906
15936222106
15936220106
15936221506
15936226206
15936222506
15936222906
15936227406
15936229806
15936228606
15936225706
15936220906
15936227306
15936227206
15936223406
15936226606
15936220706
15936223806
15936222806
15936224406
15936229106
15936221806
15936229006
15936222306
15936228506
15936224006
15936225606
15936225406
15936223706
15936225306
15936223006
15936221206
15936229306
15936220806
15936222206
15936228806
15936226806
15936223106
15936229206
15936222606
15936222406
15936223506
15936226906
15936228106
15936220206
15936224506
15936225506
15936221906
15936228006
15936224806
15936223906
15936228706
15936226406
15936227806
15936224906
15936221606
15936228906
15936228206
15936224206
15936220406
15936226506
15936227906
15936224606
15936221406
15936220306
15936222706
15936226706
15936227006
15936221306
15936227606
15936226106
15936224706
15936224306
15936222006
15936228406
15936225106
15936221706
15936228306
15936225006
15936227106
15936221006
15936225806
15936229606
15936224106
15936227706
15936225206
15936229706
15936229406
15936229506
15936226306
15936223306
15936259906
15936250606
15936253206
15936253606
15936250006
15936251106
15936250506
15936257506
15936256006
15936255906
15936252106
15936250106
15936251506
15936256206
15936252506
15936252906
15936257406
15936259806
15936258606
15936255706
15936250906
15936257306
15936257206
15936253406
15936256606
15936250706
15936253806
15936252806
15936254406
15936259106
15936251806
15936259006
15936252306
15936258506
15936254006
15936255606
15936255406
15936253706
15936255306
15936253006
15936251206
15936259306
15936250806
15936252206
15936258806
15936256806
15936253106
15936259206
15936252606
15936252406
15936253506
15936256906
15936258106
15936250206
15936254506
15936255506
15936251906
15936258006
15936254806
15936253906
15936258706
15936256406
15936257806
15936254906
15936251606
15936258906
15936258206
15936254206
15936250406
15936256506
15936257906
15936254606
15936251406
15936250306
15936252706
15936256706
15936257006
15936251306
15936257606
15936256106
15936254706
15936254306
15936252006
15936258406
15936255106
15936251706
15936258306
15936255006
15936257106
15936251006
15936255806
15936259606
15936254106
15936257706
15936255206
15936259706
15936259406
15936259506
15936256306
15936253306
15978429906
15978420606
15978423206
15978423606
15978420006
15978421106
15978420506
15978427506
15978426006
15978425906
15978422106
15978420106
15978421506
15978426206
15978422506
15978422906
15978427406
15978429806
15978428606
15978425706
15978420906
15978427306
15978427206
15978423406
15978426606
15978420706
15978423806
15978422806
15978424406
15978429106
15978421806
15978429006
15978422306
15978428506
15978424006
15978425606
15978425406
15978423706
15978425306
15978423006
15978421206
15978429306
15978420806
15978422206
15978428806
15978426806
15978423106
15978429206
15978422606
15978422406
15978423506
15978426906
15978428106
15978420206
15978424506
15978425506
15978421906
15978428006
15978424806
15978423906
15978428706
15978426406
15978427806
15978424906
15978421606
15978428906
15978428206
15978424206
15978420406
15978426506
15978427906
15978424606
15978421406
15978420306
15978422706
15978426706
15978427006
15978421306
15978427606
15978426106
15978424706
15978424306
15978422006
15978428406
15978425106
15978421706
15978428306
15978425006
15978427106
15978421006
15978425806
15978429606
15978424106
15978427706
15978425206
15978429706
15978429406
15978429506
15978426306
15978423306
15981839906
15981830606
15981833206
15981833606
15981830006
15981831106
15981830506
15981837506
15981836006
15981835906
15981832106
15981830106
15981831506
15981836206
15981832506
15981832906
15981837406
15981839806
15981838606
15981835706
15981830906
15981837306
15981837206
15981833406
15981836606
15981830706
15981833806
15981832806
15981834406
15981839106
15981831806
15981839006
15981832306
15981838506
15981834006
15981835606
15981835406
15981833706
15981835306
15981833006
15981831206
15981839306
15981830806
15981832206
15981838806
15981836806
15981833106
15981839206
15981832606
15981832406
15981833506
15981836906
15981838106
15981830206
15981834506
15981835506
15981831906
15981838006
15981834806
15981833906
15981838706
15981836406
15981837806
15981834906
15981831606
15981838906
15981838206
15981834206
15981830406
15981836506
15981837906
15981834606
15981831406
15981830306
15981832706
15981836706
15981837006
15981831306
15981837606
15981836106
15981834706
15981834306
15981832006
15981838406
15981835106
15981831706
15981838306
15981835006
15981837106
15981831006
15981835806
15981839606
15981834106
15981837706
15981835206
15981839706
15981839406
15981839506
15981836306
15981833306
15981939906
15981930606
15981933206
15981933606
15981930006
15981931106
15981930506
15981937506
15981936006
15981935906
15981932106
15981930106
15981931506
15981936206
15981932506
15981932906
15981937406
15981939806
15981938606
15981935706
15981930906
15981937306
15981937206
15981933406
15981936606
15981930706
15981933806
15981932806
15981934406
15981939106
15981931806
15981939006
15981932306
15981938506
15981934006
15981935606
15981935406
15981933706
15981935306
15981933006
15981931206
15981939306
15981930806
15981932206
15981938806
15981936806
15981933106
15981939206
15981932606
15981932406
15981933506
15981936906
15981938106
15981930206
15981934506
15981935506
15981931906
15981938006
15981934806
15981933906
15981938706
15981936406
15981937806
15981934906
15981931606
15981938906
15981938206
15981934206
15981930406
15981936506
15981937906
15981934606
15981931406
15981930306
15981932706
15981936706
15981937006
15981931306
15981937606
15981936106
15981934706
15981934306
15981932006
15981938406
15981935106
15981931706
15981938306
15981935006
15981937106
15981931006
15981935806
15981939606
15981934106
15981937706
15981935206
15981939706
15981939406
15981939506
15981936306
15981933306
15939049906
15939040606
15939043206
15939043606
15939040006
15939041106
15939040506
15939047506
15939046006
15939045906
15939042106
15939040106
15939041506
15939046206
15939042506
15939042906
15939047406
15939049806
15939048606
15939045706
15939040906
15939047306
15939047206
15939043406
15939046606
15939040706
15939043806
15939042806
15939044406
15939049106
15939041806
15939049006
15939042306
15939048506
15939044006
15939045606
15939045406
15939043706
15939045306
15939043006
15939041206
15939049306
15939040806
15939042206
15939048806
15939046806
15939043106
15939049206
15939042606
15939042406
15939043506
15939046906
15939048106
15939040206
15939044506
15939045506
15939041906
15939048006
15939044806
15939043906
15939048706
15939046406
15939047806
15939044906
15939041606
15939048906
15939048206
15939044206
15939040406
15939046506
15939047906
15939044606
15939041406
15939040306
15939042706
15939046706
15939047006
15939041306
15939047606
15939046106
15939044706
15939044306
15939042006
15939048406
15939045106
15939041706
15939048306
15939045006
15939047106
15939041006
15939045806
15939049606
15939044106
15939047706
15939045206
15939049706
15939049406
15939049506
15939046306
15939043306
15903609906
15903600606
15903603206
15903603606
15903600006
15903601106
15903600506
15903607506
15903606006
15903605906
15903602106
15903600106
15903601506
15903606206
15903602506
15903602906
15903607406
15903609806
15903608606
15903605706
15903600906
15903607306
15903607206
15903603406
15903606606
15903600706
15903603806
15903602806
15903604406
15903609106
15903601806
15903609006
15903602306
15903608506
15903604006
15903605606
15903605406
15903603706
15903605306
15903603006
15903601206
15903609306
15903600806
15903602206
15903608806
15903606806
15903603106
15903609206
15903602606
15903602406
15903603506
15903606906
15903608106
15903600206
15903604506
15903605506
15903601906
15903608006
15903604806
15903603906
15903608706
15903606406
15903607806
15903604906
15903601606
15903608906
15903608206
15903604206
15903600406
15903606506
15903607906
15903604606
15903601406
15903600306
15903602706
15903606706
15903607006
15903601306
15903607606
15903606106
15903604706
15903604306
15903602006
15903608406
15903605106
15903601706
15903608306
15903605006
15903607106
15903601006
15903605806
15903609606
15903604106
15903607706
15903605206
15903609706
15903609406
15903609506
15903606306
15903603306
15981999906
15981990606
15981993206
15981993606
15981990006
15981991106
15981990506
15981997506
15981996006
15981995906
15981992106
15981990106
15981991506
15981996206
15981992506
15981992906
15981997406
15981999806
15981998606
15981995706
15981990906
15981997306
15981997206
15981993406
15981996606
15981990706
15981993806
15981992806
15981994406
15981999106
15981991806
15981999006
15981992306
15981998506
15981994006
15981995606
15981995406
15981993706
15981995306
15981993006
15981991206
15981999306
15981990806
15981992206
15981998806
15981996806
15981993106
15981999206
15981992606
15981992406
15981993506
15981996906
15981998106
15981990206
15981994506
15981995506
15981991906
15981998006
15981994806
15981993906
15981998706
15981996406
15981997806
15981994906
15981991606
15981998906
15981998206
15981994206
15981990406
15981996506
15981997906
15981994606
15981991406
15981990306
15981992706
15981996706
15981997006
15981991306
15981997606
15981996106
15981994706
15981994306
15981992006
15981998406
15981995106
15981991706
15981998306
15981995006
15981997106
15981991006
15981995806
15981999606
15981994106
15981997706
15981995206
15981999706
15981999406
15981999506
15981996306
15981993306
15937139906
15937130606
15937133206
15937133606
15937130006
15937131106
15937130506
15937137506
15937136006
15937135906
15937132106
15937130106
15937131506
15937136206
15937132506
15937132906
15937137406
15937139806
15937138606
15937135706
15937130906
15937137306
15937137206
15937133406
15937136606
15937130706
15937133806
15937132806
15937134406
15937139106
15937131806
15937139006
15937132306
15937138506
15937134006
15937135606
15937135406
15937133706
15937135306
15937133006
15937131206
15937139306
15937130806
15937132206
15937138806
15937136806
15937133106
15937139206
15937132606
15937132406
15937133506
15937136906
15937138106
15937130206
15937134506
15937135506
15937131906
15937138006
15937134806
15937133906
15937138706
15937136406
15937137806
15937134906
15937131606
15937138906
15937138206
15937134206
15937130406
15937136506
15937137906
15937134606
15937131406
15937130306
15937132706
15937136706
15937137006
15937131306
15937137606
15937136106
15937134706
15937134306
15937132006
15937138406
15937135106
15937131706
15937138306
15937135006
15937137106
15937131006
15937135806
15937139606
15937134106
15937137706
15937135206
15937139706
15937139406
15937139506
15937136306
15937133306
15978439906
15978430606
15978433206
15978433606
15978430006
15978431106
15978430506
15978437506
15978436006
15978435906
15978432106
15978430106
15978431506
15978436206
15978432506
15978432906
15978437406
15978439806
15978438606
15978435706
15978430906
15978437306
15978437206
15978433406
15978436606
15978430706
15978433806
15978432806
15978434406
15978439106
15978431806
15978439006
15978432306
15978438506
15978434006
15978435606
15978435406
15978433706
15978435306
15978433006
15978431206
15978439306
15978430806
15978432206
15978438806
15978436806
15978433106
15978439206
15978432606
15978432406
15978433506
15978436906
15978438106
15978430206
15978434506
15978435506
15978431906
15978438006
15978434806
15978433906
15978438706
15978436406
15978437806
15978434906
15978431606
15978438906
15978438206
15978434206
15978430406
15978436506
15978437906
15978434606
15978431406
15978430306
15978432706
15978436706
15978437006
15978431306
15978437606
15978436106
15978434706
15978434306
15978432006
15978438406
15978435106
15978431706
15978438306
15978435006
15978437106
15978431006
15978435806
15978439606
15978434106
15978437706
15978435206
15978439706
15978439406
15978439506
15978436306
15978433306
15981809906
15981800606
15981803206
15981803606
15981800006
15981801106
15981800506
15981807506
15981806006
15981805906
15981802106
15981800106
15981801506
15981806206
15981802506
15981802906
15981807406
15981809806
15981808606
15981805706
15981800906
15981807306
15981807206
15981803406
15981806606
15981800706
15981803806
15981802806
15981804406
15981809106
15981801806
15981809006
15981802306
15981808506
15981804006
15981805606
15981805406
15981803706
15981805306
15981803006
15981801206
15981809306
15981800806
15981802206
15981808806
15981806806
15981803106
15981809206
15981802606
15981802406
15981803506
15981806906
15981808106
15981800206
15981804506
15981805506
15981801906
15981808006
15981804806
15981803906
15981808706
15981806406
15981807806
15981804906
15981801606
15981808906
15981808206
15981804206
15981800406
15981806506
15981807906
15981804606
15981801406
15981800306
15981802706
15981806706
15981807006
15981801306
15981807606
15981806106
15981804706
15981804306
15981802006
15981808406
15981805106
15981801706
15981808306
15981805006
15981807106
15981801006
15981805806
15981809606
15981804106
15981807706
15981805206
15981809706
15981809406
15981809506
15981806306
15981803306
15978409906
15978400606
15978403206
15978403606
15978400006
15978401106
15978400506
15978407506
15978406006
15978405906
15978402106
15978400106
15978401506
15978406206
15978402506
15978402906
15978407406
15978409806
15978408606
15978405706
15978400906
15978407306
15978407206
15978403406
15978406606
15978400706
15978403806
15978402806
15978404406
15978409106
15978401806
15978409006
15978402306
15978408506
15978404006
15978405606
15978405406
15978403706
15978405306
15978403006
15978401206
15978409306
15978400806
15978402206
15978408806
15978406806
15978403106
15978409206
15978402606
15978402406
15978403506
15978406906
15978408106
15978400206
15978404506
15978405506
15978401906
15978408006
15978404806
15978403906
15978408706
15978406406
15978407806
15978404906
15978401606
15978408906
15978408206
15978404206
15978400406
15978406506
15978407906
15978404606
15978401406
15978400306
15978402706
15978406706
15978407006
15978401306
15978407606
15978406106
15978404706
15978404306
15978402006
15978408406
15978405106
15978401706
15978408306
15978405006
15978407106
15978401006
15978405806
15978409606
15978404106
15978407706
15978405206
15978409706
15978409406
15978409506
15978406306
15978403306
15903619906
15903610606
15903613206
15903613606
15903610006
15903611106
15903610506
15903617506
15903616006
15903615906
15903612106
15903610106
15903611506
15903616206
15903612506
15903612906
15903617406
15903619806
15903618606
15903615706
15903610906
15903617306
15903617206
15903613406
15903616606
15903610706
15903613806
15903612806
15903614406
15903619106
15903611806
15903619006
15903612306
15903618506
15903614006
15903615606
15903615406
15903613706
15903615306
15903613006
15903611206
15903619306
15903610806
15903612206
15903618806
15903616806
15903613106
15903619206
15903612606
15903612406
15903613506
15903616906
15903618106
15903610206
15903614506
15903615506
15903611906
15903618006
15903614806
15903613906
15903618706
15903616406
15903617806
15903614906
15903611606
15903618906
15903618206
15903614206
15903610406
15903616506
15903617906
15903614606
15903611406
15903610306
15903612706
15903616706
15903617006
15903611306
15903617606
15903616106
15903614706
15903614306
15903612006
15903618406
15903615106
15903611706
15903618306
15903615006
15903617106
15903611006
15903615806
15903619606
15903614106
15903617706
15903615206
15903619706
15903619406
15903619506
15903616306
15903613306
15981879906
15981870606
15981873206
15981873606
15981870006
15981871106
15981870506
15981877506
15981876006
15981875906
15981872106
15981870106
15981871506
15981876206
15981872506
15981872906
15981877406
15981879806
15981878606
15981875706
15981870906
15981877306
15981877206
15981873406
15981876606
15981870706
15981873806
15981872806
15981874406
15981879106
15981871806
15981879006
15981872306
15981878506
15981874006
15981875606
15981875406
15981873706
15981875306
15981873006
15981871206
15981879306
15981870806
15981872206
15981878806
15981876806
15981873106
15981879206
15981872606
15981872406
15981873506
15981876906
15981878106
15981870206
15981874506
15981875506
15981871906
15981878006
15981874806
15981873906
15981878706
15981876406
15981877806
15981874906
15981871606
15981878906
15981878206
15981874206
15981870406
15981876506
15981877906
15981874606
15981871406
15981870306
15981872706
15981876706
15981877006
15981871306
15981877606
15981876106
15981874706
15981874306
15981872006
15981878406
15981875106
15981871706
15981878306
15981875006
15981877106
15981871006
15981875806
15981879606
15981874106
15981877706
15981875206
15981879706
15981879406
15981879506
15981876306
15981873306
15936219906
15936210606
15936213206
15936213606
15936210006
15936211106
15936210506
15936217506
15936216006
15936215906
15936212106
15936210106
15936211506
15936216206
15936212506
15936212906
15936217406
15936219806
15936218606
15936215706
15936210906
15936217306
15936217206
15936213406
15936216606
15936210706
15936213806
15936212806
15936214406
15936219106
15936211806
15936219006
15936212306
15936218506
15936214006
15936215606
15936215406
15936213706
15936215306
15936213006
15936211206
15936219306
15936210806
15936212206
15936218806
15936216806
15936213106
15936219206
15936212606
15936212406
15936213506
15936216906
15936218106
15936210206
15936214506
15936215506
15936211906
15936218006
15936214806
15936213906
15936218706
15936216406
15936217806
15936214906
15936211606
15936218906
15936218206
15936214206
15936210406
15936216506
15936217906
15936214606
15936211406
15936210306
15936212706
15936216706
15936217006
15936211306
15936217606
15936216106
15936214706
15936214306
15936212006
15936218406
15936215106
15936211706
15936218306
15936215006
15936217106
15936211006
15936215806
15936219606
15936214106
15936217706
15936215206
15936219706
15936219406
15936219506
15936216306
15936213306
15903699906
15903690606
15903693206
15903693606
15903690006
15903691106
15903690506
15903697506
15903696006
15903695906
15903692106
15903690106
15903691506
15903696206
15903692506
15903692906
15903697406
15903699806
15903698606
15903695706
15903690906
15903697306
15903697206
15903693406
15903696606
15903690706
15903693806
15903692806
15903694406
15903699106
15903691806
15903699006
15903692306
15903698506
15903694006
15903695606
15903695406
15903693706
15903695306
15903693006
15903691206
15903699306
15903690806
15903692206
15903698806
15903696806
15903693106
15903699206
15903692606
15903692406
15903693506
15903696906
15903698106
15903690206
15903694506
15903695506
15903691906
15903698006
15903694806
15903693906
15903698706
15903696406
15903697806
15903694906
15903691606
15903698906
15903698206
15903694206
15903690406
15903696506
15903697906
15903694606
15903691406
15903690306
15903692706
15903696706
15903697006
15903691306
15903697606
15903696106
15903694706
15903694306
15903692006
15903698406
15903695106
15903691706
15903698306
15903695006
15903697106
15903691006
15903695806
15903699606
15903694106
15903697706
15903695206
15903699706
15903699406
15903699506
15903696306
15903693306
15981829906
15981820606
15981823206
15981823606
15981820006
15981821106
15981820506
15981827506
15981826006
15981825906
15981822106
15981820106
15981821506
15981826206
15981822506
15981822906
15981827406
15981829806
15981828606
15981825706
15981820906
15981827306
15981827206
15981823406
15981826606
15981820706
15981823806
15981822806
15981824406
15981829106
15981821806
15981829006
15981822306
15981828506
15981824006
15981825606
15981825406
15981823706
15981825306
15981823006
15981821206
15981829306
15981820806
15981822206
15981828806
15981826806
15981823106
15981829206
15981822606
15981822406
15981823506
15981826906
15981828106
15981820206
15981824506
15981825506
15981821906
15981828006
15981824806
15981823906
15981828706
15981826406
15981827806
15981824906
15981821606
15981828906
15981828206
15981824206
15981820406
15981826506
15981827906
15981824606
15981821406
15981820306
15981822706
15981826706
15981827006
15981821306
15981827606
15981826106
15981824706
15981824306
15981822006
15981828406
15981825106
15981821706
15981828306
15981825006
15981827106
15981821006
15981825806
15981829606
15981824106
15981827706
15981825206
15981829706
15981829406
15981829506
15981826306
15981823306
15981859906
15981850606
15981853206
15981853606
15981850006
15981851106
15981850506
15981857506
15981856006
15981855906
15981852106
15981850106
15981851506
15981856206
15981852506
15981852906
15981857406
15981859806
15981858606
15981855706
15981850906
15981857306
15981857206
15981853406
15981856606
15981850706
15981853806
15981852806
15981854406
15981859106
15981851806
15981859006
15981852306
15981858506
15981854006
15981855606
15981855406
15981853706
15981855306
15981853006
15981851206
15981859306
15981850806
15981852206
15981858806
15981856806
15981853106
15981859206
15981852606
15981852406
15981853506
15981856906
15981858106
15981850206
15981854506
15981855506
15981851906
15981858006
15981854806
15981853906
15981858706
15981856406
15981857806
15981854906
15981851606
15981858906
15981858206
15981854206
15981850406
15981856506
15981857906
15981854606
15981851406
15981850306
15981852706
15981856706
15981857006
15981851306
15981857606
15981856106
15981854706
15981854306
15981852006
15981858406
15981855106
15981851706
15981858306
15981855006
15981857106
15981851006
15981855806
15981859606
15981854106
15981857706
15981855206
15981859706
15981859406
15981859506
15981856306
15981853306
15981869906
15981860606
15981863206
15981863606
15981860006
15981861106
15981860506
15981867506
15981866006
15981865906
15981862106
15981860106
15981861506
15981866206
15981862506
15981862906
15981867406
15981869806
15981868606
15981865706
15981860906
15981867306
15981867206
15981863406
15981866606
15981860706
15981863806
15981862806
15981864406
15981869106
15981861806
15981869006
15981862306
15981868506
15981864006
15981865606
15981865406
15981863706
15981865306
15981863006
15981861206
15981869306
15981860806
15981862206
15981868806
15981866806
15981863106
15981869206
15981862606
15981862406
15981863506
15981866906
15981868106
15981860206
15981864506
15981865506
15981861906
15981868006
15981864806
15981863906
15981868706
15981866406
15981867806
15981864906
15981861606
15981868906
15981868206
15981864206
15981860406
15981866506
15981867906
15981864606
15981861406
15981860306
15981862706
15981866706
15981867006
15981861306
15981867606
15981866106
15981864706
15981864306
15981862006
15981868406
15981865106
15981861706
15981868306
15981865006
15981867106
15981861006
15981865806
15981869606
15981864106
15981867706
15981865206
15981869706
15981869406
15981869506
15981866306
15981863306
15903679906
15903670606
15903673206
15903673606
15903670006
15903671106
15903670506
15903677506
15903676006
15903675906
15903672106
15903670106
15903671506
15903676206
15903672506
15903672906
15903677406
15903679806
15903678606
15903675706
15903670906
15903677306
15903677206
15903673406
15903676606
15903670706
15903673806
15903672806
15903674406
15903679106
15903671806
15903679006
15903672306
15903678506
15903674006
15903675606
15903675406
15903673706
15903675306
15903673006
15903671206
15903679306
15903670806
15903672206
15903678806
15903676806
15903673106
15903679206
15903672606
15903672406
15903673506
15903676906
15903678106
15903670206
15903674506
15903675506
15903671906
15903678006
15903674806
15903673906
15903678706
15903676406
15903677806
15903674906
15903671606
15903678906
15903678206
15903674206
15903670406
15903676506
15903677906
15903674606
15903671406
15903670306
15903672706
15903676706
15903677006
15903671306
15903677606
15903676106
15903674706
15903674306
15903672006
15903678406
15903675106
15903671706
15903678306
15903675006
15903677106
15903671006
15903675806
15903679606
15903674106
15903677706
15903675206
15903679706
15903679406
15903679506
15903676306
15903673306
15981959906
15981950606
15981953206
15981953606
15981950006
15981951106
15981950506
15981957506
15981956006
15981955906
15981952106
15981950106
15981951506
15981956206
15981952506
15981952906
15981957406
15981959806
15981958606
15981955706
15981950906
15981957306
15981957206
15981953406
15981956606
15981950706
15981953806
15981952806
15981954406
15981959106
15981951806
15981959006
15981952306
15981958506
15981954006
15981955606
15981955406
15981953706
15981955306
15981953006
15981951206
15981959306
15981950806
15981952206
15981958806
15981956806
15981953106
15981959206
15981952606
15981952406
15981953506
15981956906
15981958106
15981950206
15981954506
15981955506
15981951906
15981958006
15981954806
15981953906
15981958706
15981956406
15981957806
15981954906
15981951606
15981958906
15981958206
15981954206
15981950406
15981956506
15981957906
15981954606
15981951406
15981950306
15981952706
15981956706
15981957006
15981951306
15981957606
15981956106
15981954706
15981954306
15981952006
15981958406
15981955106
15981951706
15981958306
15981955006
15981957106
15981951006
15981955806
15981959606
15981954106
15981957706
15981955206
15981959706
15981959406
15981959506
15981956306
15981953306
15938719906
15938710606
15938713206
15938713606
15938710006
15938711106
15938710506
15938717506
15938716006
15938715906
15938712106
15938710106
15938711506
15938716206
15938712506
15938712906
15938717406
15938719806
15938718606
15938715706
15938710906
15938717306
15938717206
15938713406
15938716606
15938710706
15938713806
15938712806
15938714406
15938719106
15938711806
15938719006
15938712306
15938718506
15938714006
15938715606
15938715406
15938713706
15938715306
15938713006
15938711206
15938719306
15938710806
15938712206
15938718806
15938716806
15938713106
15938719206
15938712606
15938712406
15938713506
15938716906
15938718106
15938710206
15938714506
15938715506
15938711906
15938718006
15938714806
15938713906
15938718706
15938716406
15938717806
15938714906
15938711606
15938718906
15938718206
15938714206
15938710406
15938716506
15938717906
15938714606
15938711406
15938710306
15938712706
15938716706
15938717006
15938711306
15938717606
15938716106
15938714706
15938714306
15938712006
15938718406
15938715106
15938711706
15938718306
15938715006
15938717106
15938711006
15938715806
15938719606
15938714106
15938717706
15938715206
15938719706
15938719406
15938719506
15938716306
15938713306
15936279906
15936270606
15936273206
15936273606
15936270006
15936271106
15936270506
15936277506
15936276006
15936275906
15936272106
15936270106
15936271506
15936276206
15936272506
15936272906
15936277406
15936279806
15936278606
15936275706
15936270906
15936277306
15936277206
15936273406
15936276606
15936270706
15936273806
15936272806
15936274406
15936279106
15936271806
15936279006
15936272306
15936278506
15936274006
15936275606
15936275406
15936273706
15936275306
15936273006
15936271206
15936279306
15936270806
15936272206
15936278806
15936276806
15936273106
15936279206
15936272606
15936272406
15936273506
15936276906
15936278106
15936270206
15936274506
15936275506
15936271906
15936278006
15936274806
15936273906
15936278706
15936276406
15936277806
15936274906
15936271606
15936278906
15936278206
15936274206
15936270406
15936276506
15936277906
15936274606
15936271406
15936270306
15936272706
15936276706
15936277006
15936271306
15936277606
15936276106
15936274706
15936274306
15936272006
15936278406
15936275106
15936271706
15936278306
15936275006
15936277106
15936271006
15936275806
15936279606
15936274106
15936277706
15936275206
15936279706
15936279406
15936279506
15936276306
15936273306
15938709906
15938700606
15938703206
15938703606
15938700006
15938701106
15938700506
15938707506
15938706006
15938705906
15938702106
15938700106
15938701506
15938706206
15938702506
15938702906
15938707406
15938709806
15938708606
15938705706
15938700906
15938707306
15938707206
15938703406
15938706606
15938700706
15938703806
15938702806
15938704406
15938709106
15938701806
15938709006
15938702306
15938708506
15938704006
15938705606
15938705406
15938703706
15938705306
15938703006
15938701206
15938709306
15938700806
15938702206
15938708806
15938706806
15938703106
15938709206
15938702606
15938702406
15938703506
15938706906
15938708106
15938700206
15938704506
15938705506
15938701906
15938708006
15938704806
15938703906
15938708706
15938706406
15938707806
15938704906
15938701606
15938708906
15938708206
15938704206
15938700406
15938706506
15938707906
15938704606
15938701406
15938700306
15938702706
15938706706
15938707006
15938701306
15938707606
15938706106
15938704706
15938704306
15938702006
15938708406
15938705106
15938701706
15938708306
15938705006
15938707106
15938701006
15938705806
15938709606
15938704106
15938707706
15938705206
15938709706
15938709406
15938709506
15938706306
15938703306
15937119906
15937110606
15937113206
15937113606
15937110006
15937111106
15937110506
15937117506
15937116006
15937115906
15937112106
15937110106
15937111506
15937116206
15937112506
15937112906
15937117406
15937119806
15937118606
15937115706
15937110906
15937117306
15937117206
15937113406
15937116606
15937110706
15937113806
15937112806
15937114406
15937119106
15937111806
15937119006
15937112306
15937118506
15937114006
15937115606
15937115406
15937113706
15937115306
15937113006
15937111206
15937119306
15937110806
15937112206
15937118806
15937116806
15937113106
15937119206
15937112606
15937112406
15937113506
15937116906
15937118106
15937110206
15937114506
15937115506
15937111906
15937118006
15937114806
15937113906
15937118706
15937116406
15937117806
15937114906
15937111606
15937118906
15937118206
15937114206
15937110406
15937116506
15937117906
15937114606
15937111406
15937110306
15937112706
15937116706
15937117006
15937111306
15937117606
15937116106
15937114706
15937114306
15937112006
15937118406
15937115106
15937111706
15937118306
15937115006
15937117106
15937111006
15937115806
15937119606
15937114106
15937117706
15937115206
15937119706
15937119406
15937119506
15937116306
15937113306
15937149906
15937140606
15937143206
15937143606
15937140006
15937141106
15937140506
15937147506
15937146006
15937145906
15937142106
15937140106
15937141506
15937146206
15937142506
15937142906
15937147406
15937149806
15937148606
15937145706
15937140906
15937147306
15937147206
15937143406
15937146606
15937140706
15937143806
15937142806
15937144406
15937149106
15937141806
15937149006
15937142306
15937148506
15937144006
15937145606
15937145406
15937143706
15937145306
15937143006
15937141206
15937149306
15937140806
15937142206
15937148806
15937146806
15937143106
15937149206
15937142606
15937142406
15937143506
15937146906
15937148106
15937140206
15937144506
15937145506
15937141906
15937148006
15937144806
15937143906
15937148706
15937146406
15937147806
15937144906
15937141606
15937148906
15937148206
15937144206
15937140406
15937146506
15937147906
15937144606
15937141406
15937140306
15937142706
15937146706
15937147006
15937141306
15937147606
15937146106
15937144706
15937144306
15937142006
15937148406
15937145106
15937141706
15937148306
15937145006
15937147106
15937141006
15937145806
15937149606
15937144106
15937147706
15937145206
15937149706
15937149406
15937149506
15937146306
15937143306
15938759906
15938750606
15938753206
15938753606
15938750006
15938751106
15938750506
15938757506
15938756006
15938755906
15938752106
15938750106
15938751506
15938756206
15938752506
15938752906
15938757406
15938759806
15938758606
15938755706
15938750906
15938757306
15938757206
15938753406
15938756606
15938750706
15938753806
15938752806
15938754406
15938759106
15938751806
15938759006
15938752306
15938758506
15938754006
15938755606
15938755406
15938753706
15938755306
15938753006
15938751206
15938759306
15938750806
15938752206
15938758806
15938756806
15938753106
15938759206
15938752606
15938752406
15938753506
15938756906
15938758106
15938750206
15938754506
15938755506
15938751906
15938758006
15938754806
15938753906
15938758706
15938756406
15938757806
15938754906
15938751606
15938758906
15938758206
15938754206
15938750406
15938756506
15938757906
15938754606
15938751406
15938750306
15938752706
15938756706
15938757006
15938751306
15938757606
15938756106
15938754706
15938754306
15938752006
15938758406
15938755106
15938751706
15938758306
15938755006
15938757106
15938751006
15938755806
15938759606
15938754106
15938757706
15938755206
15938759706
15938759406
15938759506
15938756306
15938753306
15936269906
15936260606
15936263206
15936263606
15936260006
15936261106
15936260506
15936267506
15936266006
15936265906
15936262106
15936260106
15936261506
15936266206
15936262506
15936262906
15936267406
15936269806
15936268606
15936265706
15936260906
15936267306
15936267206
15936263406
15936266606
15936260706
15936263806
15936262806
15936264406
15936269106
15936261806
15936269006
15936262306
15936268506
15936264006
15936265606
15936265406
15936263706
15936265306
15936263006
15936261206
15936269306
15936260806
15936262206
15936268806
15936266806
15936263106
15936269206
15936262606
15936262406
15936263506
15936266906
15936268106
15936260206
15936264506
15936265506
15936261906
15936268006
15936264806
15936263906
15936268706
15936266406
15936267806
15936264906
15936261606
15936268906
15936268206
15936264206
15936260406
15936266506
15936267906
15936264606
15936261406
15936260306
15936262706
15936266706
15936267006
15936261306
15936267606
15936266106
15936264706
15936264306
15936262006
15936268406
15936265106
15936261706
15936268306
15936265006
15936267106
15936261006
15936265806
15936269606
15936264106
15936267706
15936265206
15936269706
15936269406
15936269506
15936266306
15936263306
15903629906
15903620606
15903623206
15903623606
15903620006
15903621106
15903620506
15903627506
15903626006
15903625906
15903622106
15903620106
15903621506
15903626206
15903622506
15903622906
15903627406
15903629806
15903628606
15903625706
15903620906
15903627306
15903627206
15903623406
15903626606
15903620706
15903623806
15903622806
15903624406
15903629106
15903621806
15903629006
15903622306
15903628506
15903624006
15903625606
15903625406
15903623706
15903625306
15903623006
15903621206
15903629306
15903620806
15903622206
15903628806
15903626806
15903623106
15903629206
15903622606
15903622406
15903623506
15903626906
15903628106
15903620206
15903624506
15903625506
15903621906
15903628006
15903624806
15903623906
15903628706
15903626406
15903627806
15903624906
15903621606
15903628906
15903628206
15903624206
15903620406
15903626506
15903627906
15903624606
15903621406
15903620306
15903622706
15903626706
15903627006
15903621306
15903627606
15903626106
15903624706
15903624306
15903622006
15903628406
15903625106
15903621706
15903628306
15903625006
15903627106
15903621006
15903625806
15903629606
15903624106
15903627706
15903625206
15903629706
15903629406
15903629506
15903626306
15903623306
15981989906
15981980606
15981983206
15981983606
15981980006
15981981106
15981980506
15981987506
15981986006
15981985906
15981982106
15981980106
15981981506
15981986206
15981982506
15981982906
15981987406
15981989806
15981988606
15981985706
15981980906
15981987306
15981987206
15981983406
15981986606
15981980706
15981983806
15981982806
15981984406
15981989106
15981981806
15981989006
15981982306
15981988506
15981984006
15981985606
15981985406
15981983706
15981985306
15981983006
15981981206
15981989306
15981980806
15981982206
15981988806
15981986806
15981983106
15981989206
15981982606
15981982406
15981983506
15981986906
15981988106
15981980206
15981984506
15981985506
15981981906
15981988006
15981984806
15981983906
15981988706
15981986406
15981987806
15981984906
15981981606
15981988906
15981988206
15981984206
15981980406
15981986506
15981987906
15981984606
15981981406
15981980306
15981982706
15981986706
15981987006
15981981306
15981987606
15981986106
15981984706
15981984306
15981982006
15981988406
15981985106
15981981706
15981988306
15981985006
15981987106
15981981006
15981985806
15981989606
15981984106
15981987706
15981985206
15981989706
15981989406
15981989506
15981986306
15981983306
15981949906
15981940606
15981943206
15981943606
15981940006
15981941106
15981940506
15981947506
15981946006
15981945906
15981942106
15981940106
15981941506
15981946206
15981942506
15981942906
15981947406
15981949806
15981948606
15981945706
15981940906
15981947306
15981947206
15981943406
15981946606
15981940706
15981943806
15981942806
15981944406
15981949106
15981941806
15981949006
15981942306
15981948506
15981944006
15981945606
15981945406
15981943706
15981945306
15981943006
15981941206
15981949306
15981940806
15981942206
15981948806
15981946806
15981943106
15981949206
15981942606
15981942406
15981943506
15981946906
15981948106
15981940206
15981944506
15981945506
15981941906
15981948006
15981944806
15981943906
15981948706
15981946406
15981947806
15981944906
15981941606
15981948906
15981948206
15981944206
15981940406
15981946506
15981947906
15981944606
15981941406
15981940306
15981942706
15981946706
15981947006
15981941306
15981947606
15981946106
15981944706
15981944306
15981942006
15981948406
15981945106
15981941706
15981948306
15981945006
15981947106
15981941006
15981945806
15981949606
15981944106
15981947706
15981945206
15981949706
15981949406
15981949506
15981946306
15981943306
15938749906
15938740606
15938743206
15938743606
15938740006
15938741106
15938740506
15938747506
15938746006
15938745906
15938742106
15938740106
15938741506
15938746206
15938742506
15938742906
15938747406
15938749806
15938748606
15938745706
15938740906
15938747306
15938747206
15938743406
15938746606
15938740706
15938743806
15938742806
15938744406
15938749106
15938741806
15938749006
15938742306
15938748506
15938744006
15938745606
15938745406
15938743706
15938745306
15938743006
15938741206
15938749306
15938740806
15938742206
15938748806
15938746806
15938743106
15938749206
15938742606
15938742406
15938743506
15938746906
15938748106
15938740206
15938744506
15938745506
15938741906
15938748006
15938744806
15938743906
15938748706
15938746406
15938747806
15938744906
15938741606
15938748906
15938748206
15938744206
15938740406
15938746506
15938747906
15938744606
15938741406
15938740306
15938742706
15938746706
15938747006
15938741306
15938747606
15938746106
15938744706
15938744306
15938742006
15938748406
15938745106
15938741706
15938748306
15938745006
15938747106
15938741006
15938745806
15938749606
15938744106
15938747706
15938745206
15938749706
15938749406
15938749506
15938746306
15938743306
15978449906
15978440606
15978443206
15978443606
15978440006
15978441106
15978440506
15978447506
15978446006
15978445906
15978442106
15978440106
15978441506
15978446206
15978442506
15978442906
15978447406
15978449806
15978448606
15978445706
15978440906
15978447306
15978447206
15978443406
15978446606
15978440706
15978443806
15978442806
15978444406
15978449106
15978441806
15978449006
15978442306
15978448506
15978444006
15978445606
15978445406
15978443706
15978445306
15978443006
15978441206
15978449306
15978440806
15978442206
15978448806
15978446806
15978443106
15978449206
15978442606
15978442406
15978443506
15978446906
15978448106
15978440206
15978444506
15978445506
15978441906
15978448006
15978444806
15978443906
15978448706
15978446406
15978447806
15978444906
15978441606
15978448906
15978448206
15978444206
15978440406
15978446506
15978447906
15978444606
15978441406
15978440306
15978442706
15978446706
15978447006
15978441306
15978447606
15978446106
15978444706
15978444306
15978442006
15978448406
15978445106
15978441706
15978448306
15978445006
15978447106
15978441006
15978445806
15978449606
15978444106
15978447706
15978445206
15978449706
15978449406
15978449506
15978446306
15978443306
15903689906
15903680606
15903683206
15903683606
15903680006
15903681106
15903680506
15903687506
15903686006
15903685906
15903682106
15903680106
15903681506
15903686206
15903682506
15903682906
15903687406
15903689806
15903688606
15903685706
15903680906
15903687306
15903687206
15903683406
15903686606
15903680706
15903683806
15903682806
15903684406
15903689106
15903681806
15903689006
15903682306
15903688506
15903684006
15903685606
15903685406
15903683706
15903685306
15903683006
15903681206
15903689306
15903680806
15903682206
15903688806
15903686806
15903683106
15903689206
15903682606
15903682406
15903683506
15903686906
15903688106
15903680206
15903684506
15903685506
15903681906
15903688006
15903684806
15903683906
15903688706
15903686406
15903687806
15903684906
15903681606
15903688906
15903688206
15903684206
15903680406
15903686506
15903687906
15903684606
15903681406
15903680306
15903682706
15903686706
15903687006
15903681306
15903687606
15903686106
15903684706
15903684306
15903682006
15903688406
15903685106
15903681706
15903688306
15903685006
15903687106
15903681006
15903685806
15903689606
15903684106
15903687706
15903685206
15903689706
15903689406
15903689506
15903686306
15903683306
15937199906
15937190606
15937193206
15937193606
15937190006
15937191106
15937190506
15937197506
15937196006
15937195906
15937192106
15937190106
15937191506
15937196206
15937192506
15937192906
15937197406
15937199806
15937198606
15937195706
15937190906
15937197306
15937197206
15937193406
15937196606
15937190706
15937193806
15937192806
15937194406
15937199106
15937191806
15937199006
15937192306
15937198506
15937194006
15937195606
15937195406
15937193706
15937195306
15937193006
15937191206
15937199306
15937190806
15937192206
15937198806
15937196806
15937193106
15937199206
15937192606
15937192406
15937193506
15937196906
15937198106
15937190206
15937194506
15937195506
15937191906
15937198006
15937194806
15937193906
15937198706
15937196406
15937197806
15937194906
15937191606
15937198906
15937198206
15937194206
15937190406
15937196506
15937197906
15937194606
15937191406
15937190306
15937192706
15937196706
15937197006
15937191306
15937197606
15937196106
15937194706
15937194306
15937192006
15937198406
15937195106
15937191706
15937198306
15937195006
15937197106
15937191006
15937195806
15937199606
15937194106
15937197706
15937195206
15937199706
15937199406
15937199506
15937196306
15937193306
15981899906
15981890606
15981893206
15981893606
15981890006
15981891106
15981890506
15981897506
15981896006
15981895906
15981892106
15981890106
15981891506
15981896206
15981892506
15981892906
15981897406
15981899806
15981898606
15981895706
15981890906
15981897306
15981897206
15981893406
15981896606
15981890706
15981893806
15981892806
15981894406
15981899106
15981891806
15981899006
15981892306
15981898506
15981894006
15981895606
15981895406
15981893706
15981895306
15981893006
15981891206
15981899306
15981890806
15981892206
15981898806
15981896806
15981893106
15981899206
15981892606
15981892406
15981893506
15981896906
15981898106
15981890206
15981894506
15981895506
15981891906
15981898006
15981894806
15981893906
15981898706
15981896406
15981897806
15981894906
15981891606
15981898906
15981898206
15981894206
15981890406
15981896506
15981897906
15981894606
15981891406
15981890306
15981892706
15981896706
15981897006
15981891306
15981897606
15981896106
15981894706
15981894306
15981892006
15981898406
15981895106
15981891706
15981898306
15981895006
15981897106
15981891006
15981895806
15981899606
15981894106
15981897706
15981895206
15981899706
15981899406
15981899506
15981896306
15981893306
15903659906
15903650606
15903653206
15903653606
15903650006
15903651106
15903650506
15903657506
15903656006
15903655906
15903652106
15903650106
15903651506
15903656206
15903652506
15903652906
15903657406
15903659806
15903658606
15903655706
15903650906
15903657306
15903657206
15903653406
15903656606
15903650706
15903653806
15903652806
15903654406
15903659106
15903651806
15903659006
15903652306
15903658506
15903654006
15903655606
15903655406
15903653706
15903655306
15903653006
15903651206
15903659306
15903650806
15903652206
15903658806
15903656806
15903653106
15903659206
15903652606
15903652406
15903653506
15903656906
15903658106
15903650206
15903654506
15903655506
15903651906
15903658006
15903654806
15903653906
15903658706
15903656406
15903657806
15903654906
15903651606
15903658906
15903658206
15903654206
15903650406
15903656506
15903657906
15903654606
15903651406
15903650306
15903652706
15903656706
15903657006
15903651306
15903657606
15903656106
15903654706
15903654306
15903652006
15903658406
15903655106
15903651706
15903658306
15903655006
15903657106
15903651006
15903655806
15903659606
15903654106
15903657706
15903655206
15903659706
15903659406
15903659506
15903656306
15903653306
15939039906
15939030606
15939033206
15939033606
15939030006
15939031106
15939030506
15939037506
15939036006
15939035906
15939032106
15939030106
15939031506
15939036206
15939032506
15939032906
15939037406
15939039806
15939038606
15939035706
15939030906
15939037306
15939037206
15939033406
15939036606
15939030706
15939033806
15939032806
15939034406
15939039106
15939031806
15939039006
15939032306
15939038506
15939034006
15939035606
15939035406
15939033706
15939035306
15939033006
15939031206
15939039306
15939030806
15939032206
15939038806
15939036806
15939033106
15939039206
15939032606
15939032406
15939033506
15939036906
15939038106
15939030206
15939034506
15939035506
15939031906
15939038006
15939034806
15939033906
15939038706
15939036406
15939037806
15939034906
15939031606
15939038906
15939038206
15939034206
15939030406
15939036506
15939037906
15939034606
15939031406
15939030306
15939032706
15939036706
15939037006
15939031306
15939037606
15939036106
15939034706
15939034306
15939032006
15939038406
15939035106
15939031706
15939038306
15939035006
15939037106
15939031006
15939035806
15939039606
15939034106
15939037706
15939035206
15939039706
15939039406
15939039506
15939036306
15939033306
15936239906
15936230606
15936233206
15936233606
15936230006
15936231106
15936230506
15936237506
15936236006
15936235906
15936232106
15936230106
15936231506
15936236206
15936232506
15936232906
15936237406
15936239806
15936238606
15936235706
15936230906
15936237306
15936237206
15936233406
15936236606
15936230706
15936233806
15936232806
15936234406
15936239106
15936231806
15936239006
15936232306
15936238506
15936234006
15936235606
15936235406
15936233706
15936235306
15936233006
15936231206
15936239306
15936230806
15936232206
15936238806
15936236806
15936233106
15936239206
15936232606
15936232406
15936233506
15936236906
15936238106
15936230206
15936234506
15936235506
15936231906
15936238006
15936234806
15936233906
15936238706
15936236406
15936237806
15936234906
15936231606
15936238906
15936238206
15936234206
15936230406
15936236506
15936237906
15936234606
15936231406
15936230306
15936232706
15936236706
15936237006
15936231306
15936237606
15936236106
15936234706
15936234306
15936232006
15936238406
15936235106
15936231706
15936238306
15936235006
15936237106
15936231006
15936235806
15936239606
15936234106
15936237706
15936235206
15936239706
15936239406
15936239506
15936236306
15936233306
15981889906
15981880606
15981883206
15981883606
15981880006
15981881106
15981880506
15981887506
15981886006
15981885906
15981882106
15981880106
15981881506
15981886206
15981882506
15981882906
15981887406
15981889806
15981888606
15981885706
15981880906
15981887306
15981887206
15981883406
15981886606
15981880706
15981883806
15981882806
15981884406
15981889106
15981881806
15981889006
15981882306
15981888506
15981884006
15981885606
15981885406
15981883706
15981885306
15981883006
15981881206
15981889306
15981880806
15981882206
15981888806
15981886806
15981883106
15981889206
15981882606
15981882406
15981883506
15981886906
15981888106
15981880206
15981884506
15981885506
15981881906
15981888006
15981884806
15981883906
15981888706
15981886406
15981887806
15981884906
15981881606
15981888906
15981888206
15981884206
15981880406
15981886506
15981887906
15981884606
15981881406
15981880306
15981882706
15981886706
15981887006
15981881306
15981887606
15981886106
15981884706
15981884306
15981882006
15981888406
15981885106
15981881706
15981888306
15981885006
15981887106
15981881006
15981885806
15981889606
15981884106
15981887706
15981885206
15981889706
15981889406
15981889506
15981886306
15981883306
15981969906
15981960606
15981963206
15981963606
15981960006
15981961106
15981960506
15981967506
15981966006
15981965906
15981962106
15981960106
15981961506
15981966206
15981962506
15981962906
15981967406
15981969806
15981968606
15981965706
15981960906
15981967306
15981967206
15981963406
15981966606
15981960706
15981963806
15981962806
15981964406
15981969106
15981961806
15981969006
15981962306
15981968506
15981964006
15981965606
15981965406
15981963706
15981965306
15981963006
15981961206
15981969306
15981960806
15981962206
15981968806
15981966806
15981963106
15981969206
15981962606
15981962406
15981963506
15981966906
15981968106
15981960206
15981964506
15981965506
15981961906
15981968006
15981964806
15981963906
15981968706
15981966406
15981967806
15981964906
15981961606
15981968906
15981968206
15981964206
15981960406
15981966506
15981967906
15981964606
15981961406
15981960306
15981962706
15981966706
15981967006
15981961306
15981967606
15981966106
15981964706
15981964306
15981962006
15981968406
15981965106
15981961706
15981968306
15981965006
15981967106
15981961006
15981965806
15981969606
15981964106
15981967706
15981965206
15981969706
15981969406
15981969506
15981966306
15981963306
15939029906
15939020606
15939023206
15939023606
15939020006
15939021106
15939020506
15939027506
15939026006
15939025906
15939022106
15939020106
15939021506
15939026206
15939022506
15939022906
15939027406
15939029806
15939028606
15939025706
15939020906
15939027306
15939027206
15939023406
15939026606
15939020706
15939023806
15939022806
15939024406
15939029106
15939021806
15939029006
15939022306
15939028506
15939024006
15939025606
15939025406
15939023706
15939025306
15939023006
15939021206
15939029306
15939020806
15939022206
15939028806
15939026806
15939023106
15939029206
15939022606
15939022406
15939023506
15939026906
15939028106
15939020206
15939024506
15939025506
15939021906
15939028006
15939024806
15939023906
15939028706
15939026406
15939027806
15939024906
15939021606
15939028906
15939028206
15939024206
15939020406
15939026506
15939027906
15939024606
15939021406
15939020306
15939022706
15939026706
15939027006
15939021306
15939027606
15939026106
15939024706
15939024306
15939022006
15939028406
15939025106
15939021706
15939028306
15939025006
15939027106
15939021006
15939025806
15939029606
15939024106
15939027706
15939025206
15939029706
15939029406
15939029506
15939026306
15939023306
15936209906
15936200606
15936203206
15936203606
15936200006
15936201106
15936200506
15936207506
15936206006
15936205906
15936202106
15936200106
15936201506
15936206206
15936202506
15936202906
15936207406
15936209806
15936208606
15936205706
15936200906
15936207306
15936207206
15936203406
15936206606
15936200706
15936203806
15936202806
15936204406
15936209106
15936201806
15936209006
15936202306
15936208506
15936204006
15936205606
15936205406
15936203706
15936205306
15936203006
15936201206
15936209306
15936200806
15936202206
15936208806
15936206806
15936203106
15936209206
15936202606
15936202406
15936203506
15936206906
15936208106
15936200206
15936204506
15936205506
15936201906
15936208006
15936204806
15936203906
15936208706
15936206406
15936207806
15936204906
15936201606
15936208906
15936208206
15936204206
15936200406
15936206506
15936207906
15936204606
15936201406
15936200306
15936202706
15936206706
15936207006
15936201306
15936207606
15936206106
15936204706
15936204306
15936202006
15936208406
15936205106
15936201706
15936208306
15936205006
15936207106
15936201006
15936205806
15936209606
15936204106
15936207706
15936205206
15936209706
15936209406
15936209506
15936206306
15936203306
15937189906
15937180606
15937183206
15937183606
15937180006
15937181106
15937180506
15937187506
15937186006
15937185906
15937182106
15937180106
15937181506
15937186206
15937182506
15937182906
15937187406
15937189806
15937188606
15937185706
15937180906
15937187306
15937187206
15937183406
15937186606
15937180706
15937183806
15937182806
15937184406
15937189106
15937181806
15937189006
15937182306
15937188506
15937184006
15937185606
15937185406
15937183706
15937185306
15937183006
15937181206
15937189306
15937180806
15937182206
15937188806
15937186806
15937183106
15937189206
15937182606
15937182406
15937183506
15937186906
15937188106
15937180206
15937184506
15937185506
15937181906
15937188006
15937184806
15937183906
15937188706
15937186406
15937187806
15937184906
15937181606
15937188906
15937188206
15937184206
15937180406
15937186506
15937187906
15937184606
15937181406
15937180306
15937182706
15937186706
15937187006
15937181306
15937187606
15937186106
15937184706
15937184306
15937182006
15937188406
15937185106
15937181706
15937188306
15937185006
15937187106
15937181006
15937185806
15937189606
15937184106
15937187706
15937185206
15937189706
15937189406
15937189506
15937186306
15937183306
15938739906
15938730606
15938733206
15938733606
15938730006
15938731106
15938730506
15938737506
15938736006
15938735906
15938732106
15938730106
15938731506
15938736206
15938732506
15938732906
15938737406
15938739806
15938738606
15938735706
15938730906
15938737306
15938737206
15938733406
15938736606
15938730706
15938733806
15938732806
15938734406
15938739106
15938731806
15938739006
15938732306
15938738506
15938734006
15938735606
15938735406
15938733706
15938735306
15938733006
15938731206
15938739306
15938730806
15938732206
15938738806
15938736806
15938733106
15938739206
15938732606
15938732406
15938733506
15938736906
15938738106
15938730206
15938734506
15938735506
15938731906
15938738006
15938734806
15938733906
15938738706
15938736406
15938737806
15938734906
15938731606
15938738906
15938738206
15938734206
15938730406
15938736506
15938737906
15938734606
15938731406
15938730306
15938732706
15938736706
15938737006
15938731306
15938737606
15938736106
15938734706
15938734306
15938732006
15938738406
15938735106
15938731706
15938738306
15938735006
15938737106
15938731006
15938735806
15938739606
15938734106
15938737706
15938735206
15938739706
15938739406
15938739506
15938736306
15938733306
15936299906
15936290606
15936293206
15936293606
15936290006
15936291106
15936290506
15936297506
15936296006
15936295906
15936292106
15936290106
15936291506
15936296206
15936292506
15936292906
15936297406
15936299806
15936298606
15936295706
15936290906
15936297306
15936297206
15936293406
15936296606
15936290706
15936293806
15936292806
15936294406
15936299106
15936291806
15936299006
15936292306
15936298506
15936294006
15936295606
15936295406
15936293706
15936295306
15936293006
15936291206
15936299306
15936290806
15936292206
15936298806
15936296806
15936293106
15936299206
15936292606
15936292406
15936293506
15936296906
15936298106
15936290206
15936294506
15936295506
15936291906
15936298006
15936294806
15936293906
15936298706
15936296406
15936297806
15936294906
15936291606
15936298906
15936298206
15936294206
15936290406
15936296506
15936297906
15936294606
15936291406
15936290306
15936292706
15936296706
15936297006
15936291306
15936297606
15936296106
15936294706
15936294306
15936292006
15936298406
15936295106
15936291706
15936298306
15936295006
15936297106
15936291006
15936295806
15936299606
15936294106
15936297706
15936295206
15936299706
15936299406
15936299506
15936296306
15936293306
15903999906
15903990606
15903993206
15903993606
15903990006
15903991106
15903990506
15903997506
15903996006
15903995906
15903992106
15903990106
15903991506
15903996206
15903992506
15903992906
15903997406
15903999806
15903998606
15903995706
15903990906
15903997306
15903997206
15903993406
15903996606
15903990706
15903993806
15903992806
15903994406
15903999106
15903991806
15903999006
15903992306
15903998506
15903994006
15903995606
15903995406
15903993706
15903995306
15903993006
15903991206
15903999306
15903990806
15903992206
15903998806
15903996806
15903993106
15903999206
15903992606
15903992406
15903993506
15903996906
15903998106
15903990206
15903994506
15903995506
15903991906
15903998006
15903994806
15903993906
15903998706
15903996406
15903997806
15903994906
15903991606
15903998906
15903998206
15903994206
15903990406
15903996506
15903997906
15903994606
15903991406
15903990306
15903992706
15903996706
15903997006
15903991306
15903997606
15903996106
15903994706
15903994306
15903992006
15903998406
15903995106
15903991706
15903998306
15903995006
15903997106
15903991006
15903995806
15903999606
15903994106
15903997706
15903995206
15903999706
15903999406
15903999506
15903996306
15903993306
15936289906
15936280606
15936283206
15936283606
15936280006
15936281106
15936280506
15936287506
15936286006
15936285906
15936282106
15936280106
15936281506
15936286206
15936282506
15936282906
15936287406
15936289806
15936288606
15936285706
15936280906
15936287306
15936287206
15936283406
15936286606
15936280706
15936283806
15936282806
15936284406
15936289106
15936281806
15936289006
15936282306
15936288506
15936284006
15936285606
15936285406
15936283706
15936285306
15936283006
15936281206
15936289306
15936280806
15936282206
15936288806
15936286806
15936283106
15936289206
15936282606
15936282406
15936283506
15936286906
15936288106
15936280206
15936284506
15936285506
15936281906
15936288006
15936284806
15936283906
15936288706
15936286406
15936287806
15936284906
15936281606
15936288906
15936288206
15936284206
15936280406
15936286506
15936287906
15936284606
15936281406
15936280306
15936282706
15936286706
15936287006
15936281306
15936287606
15936286106
15936284706
15936284306
15936282006
15936288406
15936285106
15936281706
15936288306
15936285006
15936287106
15936281006
15936285806
15936289606
15936284106
15936287706
15936285206
15936289706
15936289406
15936289506
15936286306
15936283306
15939009906
15939000606
15939003206
15939003606
15939000006
15939001106
15939000506
15939007506
15939006006
15939005906
15939002106
15939000106
15939001506
15939006206
15939002506
15939002906
15939007406
15939009806
15939008606
15939005706
15939000906
15939007306
15939007206
15939003406
15939006606
15939000706
15939003806
15939002806
15939004406
15939009106
15939001806
15939009006
15939002306
15939008506
15939004006
15939005606
15939005406
15939003706
15939005306
15939003006
15939001206
15939009306
15939000806
15939002206
15939008806
15939006806
15939003106
15939009206
15939002606
15939002406
15939003506
15939006906
15939008106
15939000206
15939004506
15939005506
15939001906
15939008006
15939004806
15939003906
15939008706
15939006406
15939007806
15939004906
15939001606
15939008906
15939008206
15939004206
15939000406
15939006506
15939007906
15939004606
15939001406
15939000306
15939002706
15939006706
15939007006
15939001306
15939007606
15939006106
15939004706
15939004306
15939002006
15939008406
15939005106
15939001706
15939008306
15939005006
15939007106
15939001006
15939005806
15939009606
15939004106
15939007706
15939005206
15939009706
15939009406
15939009506
15939006306
15939003306
15938789906
15938780606
15938783206
15938783606
15938780006
15938781106
15938780506
15938787506
15938786006
15938785906
15938782106
15938780106
15938781506
15938786206
15938782506
15938782906
15938787406
15938789806
15938788606
15938785706
15938780906
15938787306
15938787206
15938783406
15938786606
15938780706
15938783806
15938782806
15938784406
15938789106
15938781806
15938789006
15938782306
15938788506
15938784006
15938785606
15938785406
15938783706
15938785306
15938783006
15938781206
15938789306
15938780806
15938782206
15938788806
15938786806
15938783106
15938789206
15938782606
15938782406
15938783506
15938786906
15938788106
15938780206
15938784506
15938785506
15938781906
15938788006
15938784806
15938783906
15938788706
15938786406
15938787806
15938784906
15938781606
15938788906
15938788206
15938784206
15938780406
15938786506
15938787906
15938784606
15938781406
15938780306
15938782706
15938786706
15938787006
15938781306
15938787606
15938786106
15938784706
15938784306
15938782006
15938788406
15938785106
15938781706
15938788306
15938785006
15938787106
15938781006
15938785806
15938789606
15938784106
15938787706
15938785206
15938789706
15938789406
15938789506
15938786306
15938783306
15936249906
15936240606
15936243206
15936243606
15936240006
15936241106
15936240506
15936247506
15936246006
15936245906
15936242106
15936240106
15936241506
15936246206
15936242506
15936242906
15936247406
15936249806
15936248606
15936245706
15936240906
15936247306
15936247206
15936243406
15936246606
15936240706
15936243806
15936242806
15936244406
15936249106
15936241806
15936249006
15936242306
15936248506
15936244006
15936245606
15936245406
15936243706
15936245306
15936243006
15936241206
15936249306
15936240806
15936242206
15936248806
15936246806
15936243106
15936249206
15936242606
15936242406
15936243506
15936246906
15936248106
15936240206
15936244506
15936245506
15936241906
15936248006
15936244806
15936243906
15936248706
15936246406
15936247806
15936244906
15936241606
15936248906
15936248206
15936244206
15936240406
15936246506
15936247906
15936244606
15936241406
15936240306
15936242706
15936246706
15936247006
15936241306
15936247606
15936246106
15936244706
15936244306
15936242006
15936248406
15936245106
15936241706
15936248306
15936245006
15936247106
15936241006
15936245806
15936249606
15936244106
15936247706
15936245206
15936249706
15936249406
15936249506
15936246306
15936243306
15939019906
15939010606
15939013206
15939013606
15939010006
15939011106
15939010506
15939017506
15939016006
15939015906
15939012106
15939010106
15939011506
15939016206
15939012506
15939012906
15939017406
15939019806
15939018606
15939015706
15939010906
15939017306
15939017206
15939013406
15939016606
15939010706
15939013806
15939012806
15939014406
15939019106
15939011806
15939019006
15939012306
15939018506
15939014006
15939015606
15939015406
15939013706
15939015306
15939013006
15939011206
15939019306
15939010806
15939012206
15939018806
15939016806
15939013106
15939019206
15939012606
15939012406
15939013506
15939016906
15939018106
15939010206
15939014506
15939015506
15939011906
15939018006
15939014806
15939013906
15939018706
15939016406
15939017806
15939014906
15939011606
15939018906
15939018206
15939014206
15939010406
15939016506
15939017906
15939014606
15939011406
15939010306
15939012706
15939016706
15939017006
15939011306
15939017606
15939016106
15939014706
15939014306
15939012006
15939018406
15939015106
15939011706
15939018306
15939015006
15939017106
15939011006
15939015806
15939019606
15939014106
15939017706
15939015206
15939019706
15939019406
15939019506
15939016306
15939013306
15903719906
15903710606
15903713206
15903713606
15903710006
15903711106
15903710506
15903717506
15903716006
15903715906
15903712106
15903710106
15903711506
15903716206
15903712506
15903712906
15903717406
15903719806
15903718606
15903715706
15903710906
15903717306
15903717206
15903713406
15903716606
15903710706
15903713806
15903712806
15903714406
15903719106
15903711806
15903719006
15903712306
15903718506
15903714006
15903715606
15903715406
15903713706
15903715306
15903713006
15903711206
15903719306
15903710806
15903712206
15903718806
15903716806
15903713106
15903719206
15903712606
15903712406
15903713506
15903716906
15903718106
15903710206
15903714506
15903715506
15903711906
15903718006
15903714806
15903713906
15903718706
15903716406
15903717806
15903714906
15903711606
15903718906
15903718206
15903714206
15903710406
15903716506
15903717906
15903714606
15903711406
15903710306
15903712706
15903716706
15903717006
15903711306
15903717606
15903716106
15903714706
15903714306
15903712006
15903718406
15903715106
15903711706
15903718306
15903715006
15903717106
15903711006
15903715806
15903719606
15903714106
15903717706
15903715206
15903719706
15903719406
15903719506
15903716306
15903713306
15903669906
15903660606
15903663206
15903663606
15903660006
15903661106
15903660506
15903667506
15903666006
15903665906
15903662106
15903660106
15903661506
15903666206
15903662506
15903662906
15903667406
15903669806
15903668606
15903665706
15903660906
15903667306
15903667206
15903663406
15903666606
15903660706
15903663806
15903662806
15903664406
15903669106
15903661806
15903669006
15903662306
15903668506
15903664006
15903665606
15903665406
15903663706
15903665306
15903663006
15903661206
15903669306
15903660806
15903662206
15903668806
15903666806
15903663106
15903669206
15903662606
15903662406
15903663506
15903666906
15903668106
15903660206
15903664506
15903665506
15903661906
15903668006
15903664806
15903663906
15903668706
15903666406
15903667806
15903664906
15903661606
15903668906
15903668206
15903664206
15903660406
15903666506
15903667906
15903664606
15903661406
15903660306
15903662706
15903666706
15903667006
15903661306
15903667606
15903666106
15903664706
15903664306
15903662006
15903668406
15903665106
15903661706
15903668306
15903665006
15903667106
15903661006
15903665806
15903669606
15903664106
15903667706
15903665206
15903669706
15903669406
15903669506
15903666306
15903663306
15981919906
15981910606
15981913206
15981913606
15981910006
15981911106
15981910506
15981917506
15981916006
15981915906
15981912106
15981910106
15981911506
15981916206
15981912506
15981912906
15981917406
15981919806
15981918606
15981915706
15981910906
15981917306
15981917206
15981913406
15981916606
15981910706
15981913806
15981912806
15981914406
15981919106
15981911806
15981919006
15981912306
15981918506
15981914006
15981915606
15981915406
15981913706
15981915306
15981913006
15981911206
15981919306
15981910806
15981912206
15981918806
15981916806
15981913106
15981919206
15981912606
15981912406
15981913506
15981916906
15981918106
15981910206
15981914506
15981915506
15981911906
15981918006
15981914806
15981913906
15981918706
15981916406
15981917806
15981914906
15981911606
15981918906
15981918206
15981914206
15981910406
15981916506
15981917906
15981914606
15981911406
15981910306
15981912706
15981916706
15981917006
15981911306
15981917606
15981916106
15981914706
15981914306
15981912006
15981918406
15981915106
15981911706
15981918306
15981915006
15981917106
15981911006
15981915806
15981919606
15981914106
15981917706
15981915206
15981919706
15981919406
15981919506
15981916306
15981913306
15981979906
15981970606
15981973206
15981973606
15981970006
15981971106
15981970506
15981977506
15981976006
15981975906
15981972106
15981970106
15981971506
15981976206
15981972506
15981972906
15981977406
15981979806
15981978606
15981975706
15981970906
15981977306
15981977206
15981973406
15981976606
15981970706
15981973806
15981972806
15981974406
15981979106
15981971806
15981979006
15981972306
15981978506
15981974006
15981975606
15981975406
15981973706
15981975306
15981973006
15981971206
15981979306
15981970806
15981972206
15981978806
15981976806
15981973106
15981979206
15981972606
15981972406
15981973506
15981976906
15981978106
15981970206
15981974506
15981975506
15981971906
15981978006
15981974806
15981973906
15981978706
15981976406
15981977806
15981974906
15981971606
15981978906
15981978206
15981974206
15981970406
15981976506
15981977906
15981974606
15981971406
15981970306
15981972706
15981976706
15981977006
15981971306
15981977606
15981976106
15981974706
15981974306
15981972006
15981978406
15981975106
15981971706
15981978306
15981975006
15981977106
15981971006
15981975806
15981979606
15981974106
15981977706
15981975206
15981979706
15981979406
15981979506
15981976306
15981973306
15981819906
15981810606
15981813206
15981813606
15981810006
15981811106
15981810506
15981817506
15981816006
15981815906
15981812106
15981810106
15981811506
15981816206
15981812506
15981812906
15981817406
15981819806
15981818606
15981815706
15981810906
15981817306
15981817206
15981813406
15981816606
15981810706
15981813806
15981812806
15981814406
15981819106
15981811806
15981819006
15981812306
15981818506
15981814006
15981815606
15981815406
15981813706
15981815306
15981813006
15981811206
15981819306
15981810806
15981812206
15981818806
15981816806
15981813106
15981819206
15981812606
15981812406
15981813506
15981816906
15981818106
15981810206
15981814506
15981815506
15981811906
15981818006
15981814806
15981813906
15981818706
15981816406
15981817806
15981814906
15981811606
15981818906
15981818206
15981814206
15981810406
15981816506
15981817906
15981814606
15981811406
15981810306
15981812706
15981816706
15981817006
15981811306
15981817606
15981816106
15981814706
15981814306
15981812006
15981818406
15981815106
15981811706
15981818306
15981815006
15981817106
15981811006
15981815806
15981819606
15981814106
15981817706
15981815206
15981819706
15981819406
15981819506
15981816306
15981813306
15981909906
15981900606
15981903206
15981903606
15981900006
15981901106
15981900506
15981907506
15981906006
15981905906
15981902106
15981900106
15981901506
15981906206
15981902506
15981902906
15981907406
15981909806
15981908606
15981905706
15981900906
15981907306
15981907206
15981903406
15981906606
15981900706
15981903806
15981902806
15981904406
15981909106
15981901806
15981909006
15981902306
15981908506
15981904006
15981905606
15981905406
15981903706
15981905306
15981903006
15981901206
15981909306
15981900806
15981902206
15981908806
15981906806
15981903106
15981909206
15981902606
15981902406
15981903506
15981906906
15981908106
15981900206
15981904506
15981905506
15981901906
15981908006
15981904806
15981903906
15981908706
15981906406
15981907806
15981904906
15981901606
15981908906
15981908206
15981904206
15981900406
15981906506
15981907906
15981904606
15981901406
15981900306
15981902706
15981906706
15981907006
15981901306
15981907606
15981906106
15981904706
15981904306
15981902006
15981908406
15981905106
15981901706
15981908306
15981905006
15981907106
15981901006
15981905806
15981909606
15981904106
15981907706
15981905206
15981909706
15981909406
15981909506
15981906306
15981903306
15938779906
15938770606
15938773206
15938773606
15938770006
15938771106
15938770506
15938777506
15938776006
15938775906
15938772106
15938770106
15938771506
15938776206
15938772506
15938772906
15938777406
15938779806
15938778606
15938775706
15938770906
15938777306
15938777206
15938773406
15938776606
15938770706
15938773806
15938772806
15938774406
15938779106
15938771806
15938779006
15938772306
15938778506
15938774006
15938775606
15938775406
15938773706
15938775306
15938773006
15938771206
15938779306
15938770806
15938772206
15938778806
15938776806
15938773106
15938779206
15938772606
15938772406
15938773506
15938776906
15938778106
15938770206
15938774506
15938775506
15938771906
15938778006
15938774806
15938773906
15938778706
15938776406
15938777806
15938774906
15938771606
15938778906
15938778206
15938774206
15938770406
15938776506
15938777906
15938774606
15938771406
15938770306
15938772706
15938776706
15938777006
15938771306
15938777606
15938776106
15938774706
15938774306
15938772006
15938778406
15938775106
15938771706
15938778306
15938775006
15938777106
15938771006
15938775806
15938779606
15938774106
15938777706
15938775206
15938779706
15938779406
15938779506
15938776306
15938773306
15981929906
15981920606
15981923206
15981923606
15981920006
15981921106
15981920506
15981927506
15981926006
15981925906
15981922106
15981920106
15981921506
15981926206
15981922506
15981922906
15981927406
15981929806
15981928606
15981925706
15981920906
15981927306
15981927206
15981923406
15981926606
15981920706
15981923806
15981922806
15981924406
15981929106
15981921806
15981929006
15981922306
15981928506
15981924006
15981925606
15981925406
15981923706
15981925306
15981923006
15981921206
15981929306
15981920806
15981922206
15981928806
15981926806
15981923106
15981929206
15981922606
15981922406
15981923506
15981926906
15981928106
15981920206
15981924506
15981925506
15981921906
15981928006
15981924806
15981923906
15981928706
15981926406
15981927806
15981924906
15981921606
15981928906
15981928206
15981924206
15981920406
15981926506
15981927906
15981924606
15981921406
15981920306
15981922706
15981926706
15981927006
15981921306
15981927606
15981926106
15981924706
15981924306
15981922006
15981928406
15981925106
15981921706
15981928306
15981925006
15981927106
15981921006
15981925806
15981929606
15981924106
15981927706
15981925206
15981929706
15981929406
15981929506
15981926306
15981923306
15981849906
15981840606
15981843206
15981843606
15981840006
15981841106
15981840506
15981847506
15981846006
15981845906
15981842106
15981840106
15981841506
15981846206
15981842506
15981842906
15981847406
15981849806
15981848606
15981845706
15981840906
15981847306
15981847206
15981843406
15981846606
15981840706
15981843806
15981842806
15981844406
15981849106
15981841806
15981849006
15981842306
15981848506
15981844006
15981845606
15981845406
15981843706
15981845306
15981843006
15981841206
15981849306
15981840806
15981842206
15981848806
15981846806
15981843106
15981849206
15981842606
15981842406
15981843506
15981846906
15981848106
15981840206
15981844506
15981845506
15981841906
15981848006
15981844806
15981843906
15981848706
15981846406
15981847806
15981844906
15981841606
15981848906
15981848206
15981844206
15981840406
15981846506
15981847906
15981844606
15981841406
15981840306
15981842706
15981846706
15981847006
15981841306
15981847606
15981846106
15981844706
15981844306
15981842006
15981848406
15981845106
15981841706
15981848306
15981845006
15981847106
15981841006
15981845806
15981849606
15981844106
15981847706
15981845206
15981849706
15981849406
15981849506
15981846306
15981843306
15978419906
15978410606
15978413206
15978413606
15978410006
15978411106
15978410506
15978417506
15978416006
15978415906
15978412106
15978410106
15978411506
15978416206
15978412506
15978412906
15978417406
15978419806
15978418606
15978415706
15978410906
15978417306
15978417206
15978413406
15978416606
15978410706
15978413806
15978412806
15978414406
15978419106
15978411806
15978419006
15978412306
15978418506
15978414006
15978415606
15978415406
15978413706
15978415306
15978413006
15978411206
15978419306
15978410806
15978412206
15978418806
15978416806
15978413106
15978419206
15978412606
15978412406
15978413506
15978416906
15978418106
15978410206
15978414506
15978415506
15978411906
15978418006
15978414806
15978413906
15978418706
15978416406
15978417806
15978414906
15978411606
15978418906
15978418206
15978414206
15978410406
15978416506
15978417906
15978414606
15978411406
15978410306
15978412706
15978416706
15978417006
15978411306
15978417606
15978416106
15978414706
15978414306
15978412006
15978418406
15978415106
15978411706
15978418306
15978415006
15978417106
15978411006
15978415806
15978419606
15978414106
15978417706
15978415206
15978419706
15978419406
15978419506
15978416306
15978413306
15937129906
15937120606
15937123206
15937123606
15937120006
15937121106
15937120506
15937127506
15937126006
15937125906
15937122106
15937120106
15937121506
15937126206
15937122506
15937122906
15937127406
15937129806
15937128606
15937125706
15937120906
15937127306
15937127206
15937123406
15937126606
15937120706
15937123806
15937122806
15937124406
15937129106
15937121806
15937129006
15937122306
15937128506
15937124006
15937125606
15937125406
15937123706
15937125306
15937123006
15937121206
15937129306
15937120806
15937122206
15937128806
15937126806
15937123106
15937129206
15937122606
15937122406
15937123506
15937126906
15937128106
15937120206
15937124506
15937125506
15937121906
15937128006
15937124806
15937123906
15937128706
15937126406
15937127806
15937124906
15937121606
15937128906
15937128206
15937124206
15937120406
15937126506
15937127906
15937124606
15937121406
15937120306
15937122706
15937126706
15937127006
15937121306
15937127606
15937126106
15937124706
15937124306
15937122006
15937128406
15937125106
15937121706
15937128306
15937125006
15937127106
15937121006
15937125806
15937129606
15937124106
15937127706
15937125206
15937129706
15937129406
15937129506
15937126306
15937123306